total_time 60
156.354629993
156.820762157
157.26236105
156.820762157
156.78396225
157.266449928
156.857562065
156.853473186
156.853473186
156.820762157
156.767606735
156.370985508
156.837117672
157.213294506
156.78396225
157.26236105
156.820762157
156.804406643
156.837117672
154.948055744
154.297924042
147.453141212
142.464709282
142.068088055
141.761422157
141.57333374
141.708266735
150.115001202
141.180801392
139.054584503
140.305781364
154.404234886
144.987547398
136.376368999
143.253862858
156.681740284
157.196938992
156.734895706
156.78396225
156.751251221
157.090628147
157.176494598
157.147872448
157.180583477
156.734895706
157.180583477
156.788051128
157.213294506
157.213294506
156.853473186
156.751251221
156.788051128
156.767606735
157.246005535
156.751251221
156.698095798
156.387341022
156.820762157
156.869828701
156.78396225
156.751251221
156.747162342
156.338274479
155.892586708
156.820762157
156.767606735
156.767606735
156.78396225
155.667698383
157.127428055
156.289207935
156.718540192
157.127428055
156.78396225
135.624015331
133.718597889
131.539225578
130.337095261
117.134106159
126.906526089
126.702082157
125.487685204
134.094774723
132.827222347
163.747322559
156.714451313
155.172944069
156.788051128
143.184351921
156.321918964
156.272852421
156.734895706
157.164227962
157.196938992
156.702184677
157.164227962
157.127428055
157.160139084
156.681740284
157.127428055
157.143783569
157.147872448
157.11107254
157.11107254
157.127428055
157.127428055
156.718540192
157.131516933
156.702184677
157.229650021
157.180583477
157.11107254
156.698095798
157.127428055
156.751251221
156.665384769
157.180583477
157.196938992
157.196938992
157.164227962
156.734895706
156.714451313
156.698095798
157.143783569
156.681740284
135.076105595
134.920728207
144.967103004
136.237347126
141.283023357
141.72462225
153.991258144
143.597328663
143.147552013
126.755237579
140.837335587
140.579736233
141.45475626
146.185588837
142.497420311
138.572096825
136.069703102
132.704555988
132.0707798
132.945799828
130.701005459
137.8688097
141.691911221
141.197156906
137.198233604
140.473425388
140.645158291
139.925515652
142.722308636
141.401600838
140.424358845
147.592163086
145.809412003
145.036613941
152.155351639
145.294213295
140.252625942
141.606044769
139.892804623
137.386322021
133.788108826
137.128722668
157.008850574
156.800317764
157.524049282
157.127428055
156.644940376
157.094717026
157.556760311
157.045650482
156.612229347
156.665384769
156.203341484
156.681740284
156.649029255
157.094717026
157.147872448
157.160139084
156.665384769
157.164227962
156.665384769
157.127428055
157.143783569
157.127428055
157.11107254
156.702184677
157.074272633
157.160139084
156.714451313
156.734895706
157.250094414
156.734895706
157.196938992
156.78396225
156.78396225
156.800317764
156.734895706
156.767606735
156.681740284
157.233738899
157.143783569
157.233738899
156.681740284
157.556760311
157.127428055
157.196938992
157.147872448
157.127428055
157.180583477
157.213294506
157.368671894
157.143783569
157.164227962
157.11107254
157.160139084
156.730806828
157.160139084
156.816673279
158.002448082
157.642626762
157.176494598
156.338274479
156.734895706
155.516409874
156.751251221
130.21851778
131.437003613
131.866335869
134.888017178
135.243749619
142.759108543
139.892804623
138.707029819
148.503983021
158.807957172
143.6668396
143.049418926
148.65527153
143.253862858
142.256176472
156.170630455
147.060608864
156.579518318
151.656508446
143.131196499
133.101177216
125.966084003
157.008850574
156.595873833
156.546807289
157.008850574
157.041561604
157.094717026
156.579518318
156.595873833
157.078361511
156.595873833
156.546807289
156.661295891
157.074272633
157.041561604
157.041561604
156.133830547
157.008850574
157.078361511
157.004761696
157.008850574
157.074272633
156.563162804
156.649029255
156.612229347
157.094717026
157.094717026
156.595873833
156.751251221
156.63267374
156.649029255
156.219696999
157.057917118
156.63267374
156.661295891
157.041561604
156.649029255
157.074272633
157.041561604
156.616318226
157.11107254
157.025206089
156.63267374
156.63267374
156.665384769
156.616318226
157.094717026
157.11107254
156.63267374
157.074272633
156.63267374
157.074272633
123.152935505
156.150186062
156.661295891
142.73866415
139.312183857
142.464709282
145.793056488
138.588452339
140.510225296
150.368511677
151.9141078
151.382553577
164.025366306
149.374914169
146.136522293
139.741516113
140.579736233
141.315734386
138.690674305
139.753782749
157.008850574
157.078361511
156.599962711
156.595873833
156.63267374
156.665384769
157.078361511
156.599962711
156.612229347
157.062005997
156.665384769
157.045650482
156.612229347
156.559073925
156.595873833
156.616318226
157.147872448
157.147872448
157.025206089
157.057917118
156.595873833
156.771695614
156.612229347
156.665384769
157.094717026
157.062005997
157.11107254
156.698095798
156.407785416
156.681740284
156.612229347
156.681740284
157.315516472
157.041561604
157.11107254
140.166759491
144.644081593
146.271455288
144.627726078
143.99394989
142.791819572
140.698313713
148.961937428
153.680503368
154.984855652
141.524267197
134.888017178
138.212275505
137.799298763
136.548101902
139.892804623
134.16428566
133.068466187
133.927130699
135.636281967
156.391429901
134.229707718
134.830772877
135.53814888
132.156646252
129.601097107
143.441951275
156.988406181
157.041561604
156.681740284
156.595873833
157.008850574
157.078361511
157.008850574
157.041561604
156.579518318
157.057917118
156.616318226
156.616318226
157.041561604
157.041561604
157.057917118
157.057917118
157.057917118
156.972050667
157.057917118
156.976139545
157.025206089
157.008850574
157.057917118
156.579518318
156.595873833
156.988406181
156.939339638
156.595873833
157.008850574
157.057917118
156.628584862
157.004761696
156.595873833
157.041561604
156.63267374
156.612229347
157.041561604
157.008850574
156.649029255
156.644940376
156.612229347
157.029294968
156.236052513
156.649029255
157.025206089
156.63267374
157.057917118
157.094717026
156.595873833
157.057917118
157.11107254
157.11107254
157.041561604
157.143783569
156.18698597
156.665384769
156.219696999
157.062005997
157.524049282
151.452064514
149.877846241
152.35979557
155.070722103
157.213294506
155.070722103
152.858638763
161.486172676
149.652957916
138.862407207
139.050495625
144.505059719
143.028974533
143.891727924
140.906846523
141.144001484
145.191991329
136.756634712
146.925675869
144.267904758
142.517864704
143.376529217
144.349682331
140.88640213
151.537930965
124.3019104
144.967103004
139.876449108
127.478969097
137.251389027
136.891567707
139.259028435
144.165682793
143.957149982
139.790582657
136.310946941
149.207270145
140.870046616
125.671684742
139.070940018
147.747540474
137.938320637
142.313420773
148.397672176
152.547883987
147.007453442
148.140072823
135.587215424
134.438240528
157.025206089
157.074272633
156.63267374
156.182897091
157.025206089
156.546807289
157.078361511
156.63267374
157.057917118
156.63267374
157.090628147
157.008850574
156.665384769
157.041561604
157.041561604
157.025206089
157.041561604
156.18698597
156.649029255
157.127428055
157.078361511
157.008850574
156.959784031
157.062005997
157.025206089
156.199252605
156.595873833
157.094717026
157.282805443
157.062005997
157.008850574
156.579518318
157.008850574
156.595873833
156.685829163
149.497580528
157.057917118
159.993731976
150.969576836
150.303089619
158.411335945
159.290444851
148.896515369
154.506456852
149.325847626
146.974742413
148.364961147
145.809412003
156.972050667
156.546807289
156.579518318
156.101119518
142.448353767
140.027737617
141.405689716
143.887639046
153.799080849
153.320682049
156.734895706
156.698095798
149.464869499
154.162991047
145.825767517
142.755019665
140.955913067
150.115001202
151.570641994
150.765132904
150.082290173
149.567091465
144.971191883
133.510065079
131.007671356
119.926810265
129.911851883
140.134048462
141.949510574
145.241057873
156.612229347
150.38895607
144.611370564
143.580973148
147.539007664
146.046566963
148.692071438
150.527977943
151.178109646
142.497420311
157.11107254
136.805701256
125.966084003
157.041561604
156.988406181
157.041561604
156.563162804
157.008850574
156.595873833
156.546807289
156.939339638
157.008850574
157.025206089
156.955695152
157.008850574
156.595873833
156.955695152
157.025206089
156.170630455
