total_time 60
156.407785416
156.391429901
156.42414093
156.853473186
156.869828701
157.282805443
156.922984123
156.869828701
156.890273094
156.853473186
157.196938992
156.837117672
157.229650021
156.837117672
157.315516472
88.9576435089
81.597661972
65.8554792404
70.6067562103
93.8438534737
98.8731741905
102.127921581
158.071959019
156.87391758
156.853473186
157.266449928
157.282805443
156.890273094
157.250094414
157.282805443
156.906628609
157.282805443
156.853473186
156.906628609
72.0133304596
75.3212332726
77.8236269951
77.4147391319
78.5310029984
157.250094414
157.250094414
157.331871986
156.804406643
156.837117672
156.428229809
157.196938992
157.229650021
156.800317764
157.229650021
156.820762157
156.820762157
156.375074387
157.213294506
156.837117672
156.771695614
157.282805443
157.250094414
156.370985508
157.26236105
157.246005535
157.196938992
156.833028793
157.315516472
157.266449928
157.233738899
156.869828701
157.303249836
157.299160957
156.370985508
156.375074387
156.837117672
156.886184216
90.466439724
83.3845019341
79.2015790939
70.1079130173
77.9790043831
97.3766446114
164.209365845
159.425377846
157.282805443
156.788051128
156.718540192
157.250094414
156.391429901
156.837117672
156.804406643
156.358718872
156.820762157
156.816673279
156.837117672
157.266449928
156.800317764
156.853473186
156.788051128
156.837117672
157.266449928
157.180583477
156.857562065
156.800317764
156.407785416
156.820762157
156.820762157
157.266449928
157.31960535
157.229650021
156.853473186
156.804406643
156.804406643
157.246005535
157.233738899
156.767606735
157.217383385
156.771695614
157.213294506
77.1080732346
73.951458931
67.3111200333
89.3174648285
156.767606735
156.886184216
157.213294506
156.804406643
157.213294506
156.804406643
156.30556345
156.833028793
156.837117672
157.282805443
157.315516472
157.250094414
157.250094414
157.246005535
157.31960535
156.771695614
156.804406643
156.407785416
157.26236105
156.804406643
156.407785416
156.342363358
156.321918964
157.213294506
156.837117672
157.282805443
156.391429901
156.804406643
156.751251221
156.87391758
157.233738899
156.800317764
156.837117672
156.816673279
156.853473186
156.853473186
156.407785416
92.4045681953
98.7832188606
97.5851774216
103.432273865
156.804406643
156.833028793
156.428229809
156.853473186
157.213294506
157.26236105
157.299160957
157.266449928
156.869828701
157.041561604
157.246005535
156.391429901
156.407785416
157.246005535
156.857562065
157.164227962
156.837117672
157.299160957
156.922984123
157.229650021
156.886184216
156.203341484
156.90253973
156.800317764
156.837117672
94.6698069572
83.0042362213
75.1004338264
74.2417693138
92.7153229713
164.266610146
156.869828701
157.26236105
157.299160957
157.299160957
156.771695614
157.299160957
156.837117672
157.282805443
156.78396225
156.837117672
157.282805443
157.250094414
156.375074387
157.35231638
157.315516472
156.837117672
156.78396225
156.820762157
156.820762157
156.890273094
156.820762157
157.062005997
156.391429901
157.266449928
156.820762157
156.869828701
157.143783569
156.87391758
157.229650021
157.675337791
156.820762157
157.266449928
157.266449928
127.065992355
98.2025980949
76.2453198433
96.1254477501
108.269417286
157.26236105
156.837117672
156.78396225
157.266449928
156.820762157
156.767606735
156.853473186
157.250094414
156.922984123
156.788051128
156.804406643
49.2873430252
163.800477982
157.246005535
156.853473186
157.282805443
156.788051128
157.266449928
156.869828701
156.890273094
157.246005535
156.800317764
156.837117672
156.800317764
157.250094414
156.804406643
157.196938992
157.213294506
156.833028793
156.289207935
157.233738899
156.853473186
157.233738899
164.262521267
121.611428261
104.528093338
157.213294506
157.213294506
156.563162804
157.299160957
157.250094414
156.833028793
156.837117672
156.906628609
120.082187653
96.7755794525
158.071959019
158.153736591
156.788051128
157.266449928
157.229650021
156.804406643
157.233738899
157.26236105
157.266449928
156.800317764
156.375074387
157.266449928
156.771695614
157.233738899
156.820762157
156.837117672
157.675337791
156.816673279
120.80591917
156.955695152
157.217383385
157.266449928
91.3414597511
91.9220805168
88.6141777039
89.5750641823
103.383207321
94.9928283691
121.251606941
156.78396225
156.820762157
156.771695614
156.493651867
156.788051128
156.788051128
156.78396225
156.321918964
156.321918964
157.074272633
157.213294506
156.800317764
157.180583477
156.804406643
156.816673279
156.800317764
156.837117672
156.820762157
156.804406643
156.800317764
156.820762157
156.734895706
156.387341022
156.354629993
156.767606735
156.767606735
156.78396225
157.233738899
156.751251221
156.833028793
156.820762157
156.734895706
156.87391758
155.876231194
156.788051128
156.804406643
157.229650021
156.407785416
157.266449928
157.250094414
156.837117672
150.131356716
125.107419491
118.798279762
104.855203629
99.2125511169
75.0309228897
84.5661878586
77.2102952003
93.7579870224
158.055603504
157.642626762
156.820762157
156.338274479
156.354629993
156.375074387
156.820762157
157.229650021
157.213294506
157.246005535
157.213294506
156.800317764
157.196938992
156.78396225
156.837117672
156.837117672
156.767606735
157.213294506
156.788051128
156.718540192
157.250094414
156.751251221
157.246005535
157.229650021
65.9740567207
73.3135938644
156.354629993
157.229650021
156.78396225
157.229650021
156.354629993
157.180583477
157.213294506
157.233738899
156.338274479
156.767606735
156.788051128
156.751251221
156.837117672
157.213294506
156.816673279
156.78396225
156.788051128
156.78396225
156.734895706
157.965648174
158.431780338
164.278876781
159.376311302
164.332032204
82.6975703239
164.225721359
164.225721359
164.315676689
164.246165752
160.680663586
158.501291275
164.262521267
88.8186216354
158.002448082
104.070138931
101.187479496
156.30556345
99.277973175
157.246005535
157.246005535
157.196938992
156.665384769
157.176494598
156.816673279
157.196938992
157.196938992
156.767606735
156.804406643
156.939339638
156.816673279
157.250094414
156.78396225
156.837117672
156.78396225
156.751251221
156.354629993
156.751251221
156.751251221
156.890273094
156.800317764
157.229650021
156.375074387
157.229650021
156.354629993
156.804406643
157.213294506
156.747162342
157.196938992
118.798279762
116.704773903
115.110111237
111.164343357
105.542135239
114.525401592
109.21394825
106.413066387
99.9526381493
89.023065567
98.578774929
86.9500041008
87.2280478477
86.847782135
86.4716053009
85.2367639542
84.9791646004
85.2367639542
84.6684098244
84.7583651543
84.4476103783
85.0650310516
84.0714335442
92.0283913612
82.6771259308
81.9574832916
82.6280593872
92.8666114807
92.3350572586
81.0865521431
80.2115321159
80.3301095963
79.8149108887
79.7494888306
80.0193548203
79.733133316
78.5473585129
89.7467970848
90.5195951462
117.10139513
78.4982919693
122.396492958
90.1393294334
164.19301033
164.160299301
164.160299301
164.160299301
77.292072773
77.7091383934
74.0904808044
72.3895072937
72.1687078476
72.0296859741
67.4542307854
66.9880986214
65.8554792404
60.5726480484
59.5994949341
62.8705978394
59.0147852898
55.4451942444
49.2014765739
46.3229060173
157.250094414
156.837117672
157.229650021
168.895220757
157.282805443
156.771695614
157.246005535
157.233738899
157.213294506
157.213294506
157.282805443
157.250094414
157.213294506
157.250094414
156.272852421
157.213294506
156.358718872
157.196938992
157.196938992
156.391429901
157.196938992
156.820762157
157.246005535
157.164227962
156.354629993
157.266449928
157.250094414
156.869828701
157.282805443
157.246005535
156.853473186
156.321918964
157.282805443
156.804406643
157.250094414
156.78396225
157.250094414
157.229650021
156.837117672
156.751251221
156.820762157
156.853473186
156.321918964
156.869828701
156.816673279
156.78396225
156.804406643
156.857562065
69.2369818687
67.6218748093
69.012093544
70.3491568565
70.5045342445
75.7832765579
77.7050495148
156.804406643
156.338274479
156.820762157
157.180583477
155.908942223
157.180583477
156.767606735
157.299160957
157.180583477
156.800317764
157.229650021
156.751251221
156.788051128
157.250094414
157.266449928
157.233738899
157.282805443
156.853473186
156.800317764
156.788051128
156.767606735
157.196938992
156.800317764
156.767606735
156.853473186
156.816673279
157.250094414
156.788051128
156.391429901
156.788051128
156.816673279
157.213294506
156.375074387
156.771695614
