total_time 60
156.939339638
156.99249506
157.335960865
157.368671894
157.331871986
157.438182831
157.401382923
156.939339638
157.421827316
156.42414093
157.368671894
156.959784031
156.939339638
157.368671894
156.906628609
157.368671894
156.869828701
157.331871986
157.401382923
157.417738438
156.939339638
156.976139545
156.955695152
157.385027409
157.35231638
157.368671894
157.405471802
157.008850574
156.976139545
156.955695152
157.368671894
156.976139545
157.348227501
157.008850574
157.421827316
157.421827316
157.421827316
157.405471802
157.385027409
157.454538345
157.385027409
156.955695152
157.385027409
157.401382923
157.335960865
157.368671894
157.008850574
157.47089386
157.421827316
157.401382923
156.99249506
157.434093952
157.008850574
157.401382923
157.405471802
157.417738438
156.943428516
156.955695152
157.025206089
157.004761696
157.454538345
156.99249506
157.401382923
157.389116287
157.008850574
157.434093952
157.417738438
157.029294968
157.454538345
157.008850574
157.025206089
157.368671894
157.368671894
157.434093952
156.939339638
157.454538345
157.008850574
157.385027409
157.417738438
157.401382923
156.99249506
157.057917118
157.008850574
156.972050667
156.612229347
156.959784031
157.385027409
156.99249506
157.438182831
156.99249506
156.922984123
157.405471802
157.454538345
157.368671894
156.906628609
158.431780338
156.955695152
156.99249506
156.99249506
157.401382923
157.434093952
156.972050667
156.959784031
157.438182831
156.54271841
156.99249506
157.008850574
156.939339638
157.454538345
157.008850574
157.041561604
157.487249374
157.025206089
157.196938992
156.972050667
156.976139545
157.417738438
157.438182831
157.421827316
157.004761696
157.438182831
157.417738438
157.368671894
156.972050667
157.417738438
157.401382923
157.454538345
156.526362896
157.008850574
157.47089386
157.385027409
157.454538345
156.972050667
156.922984123
157.421827316
157.004761696
157.057917118
157.434093952
157.438182831
157.450449467
156.988406181
157.438182831
156.959784031
156.988406181
156.955695152
157.540404797
156.579518318
157.47089386
157.438182831
157.491338253
157.025206089
157.062005997
156.99249506
157.041561604
157.417738438
157.041561604
157.47089386
157.029294968
156.99249506
157.004761696
157.004761696
157.401382923
157.417738438
157.385027409
157.438182831
156.976139545
156.546807289
156.972050667
157.421827316
156.988406181
156.99249506
157.045650482
157.47089386
157.025206089
157.008850574
157.474982738
155.962097645
157.487249374
157.008850574
156.99249506
156.272852421
157.454538345
156.955695152
156.510007381
157.074272633
157.078361511
156.99249506
156.559073925
157.507693768
157.164227962
157.47089386
157.47089386
156.612229347
157.417738438
157.417738438
157.008850574
157.008850574
157.454538345
157.438182831
157.454538345
157.438182831
157.454538345
157.47089386
157.691693306
158.550357819
157.025206089
156.99249506
157.368671894
156.563162804
157.438182831
157.438182831
157.417738438
156.976139545
157.004761696
157.008850574
156.955695152
157.074272633
157.062005997
157.348227501
157.008850574
156.546807289
157.029294968
157.041561604
156.510007381
157.385027409
157.025206089
156.959784031
157.438182831
157.335960865
157.041561604
157.487249374
156.955695152
157.405471802
157.025206089
157.025206089
157.405471802
156.510007381
156.976139545
156.972050667
157.401382923
157.057917118
156.988406181
157.491338253
157.454538345
157.417738438
157.900226116
156.972050667
157.47089386
157.057917118
156.99249506
156.955695152
157.008850574
157.385027409
157.368671894
157.454538345
157.401382923
157.474982738
157.474982738
157.454538345
156.579518318
156.546807289
157.025206089
157.421827316
157.47089386
156.972050667
157.078361511
156.976139545
157.421827316
157.47089386
157.025206089
157.057917118
157.454538345
157.008850574
157.004761696
157.025206089
157.405471802
157.008850574
157.434093952
156.530451775
157.454538345
156.972050667
157.008850574
156.959784031
157.438182831
157.47089386
156.99249506
157.368671894
157.47089386
157.004761696
156.955695152
157.47089386
157.487249374
157.401382923
157.454538345
157.421827316
157.503604889
156.988406181
157.062005997
157.401382923
157.008850574
157.454538345
157.438182831
156.922984123
157.008850574
157.025206089
156.99249506
157.421827316
157.008850574
157.454538345
157.47089386
157.454538345
157.025206089
157.434093952
157.47089386
156.959784031
156.988406181
157.454538345
156.959784031
157.454538345
156.955695152
157.454538345
157.421827316
157.421827316
157.438182831
157.025206089
157.041561604
157.487249374
156.559073925
156.99249506
157.438182831
157.405471802
156.939339638
156.526362896
156.493651867
156.939339638
156.444585323
157.025206089
157.385027409
156.922984123
157.434093952
157.454538345
156.988406181
156.922984123
156.526362896
157.405471802
156.988406181
157.008850574
156.510007381
156.939339638
156.473207474
156.959784031
157.401382923
157.35231638
156.939339638
157.385027409
156.955695152
157.401382923
156.493651867
157.368671894
156.939339638
157.008850574
157.405471802
157.438182831
156.890273094
156.988406181
157.401382923
156.99249506
157.454538345
157.335960865
157.385027409
157.025206089
156.546807289
156.939339638
157.385027409
157.421827316
157.368671894
156.972050667
156.955695152
156.955695152
157.025206089
156.579518318
156.559073925
156.54271841
157.004761696
157.045650482
156.959784031
157.421827316
156.99249506
157.025206089
157.385027409
157.434093952
156.546807289
157.417738438
157.454538345
157.454538345
157.454538345
157.025206089
156.955695152
156.99249506
156.959784031
157.417738438
157.385027409
156.99249506
156.959784031
157.008850574
157.025206089
156.959784031
156.955695152
156.939339638
156.440496445
157.057917118
157.008850574
156.972050667
156.959784031
157.417738438
156.99249506
157.041561604
156.972050667
157.454538345
157.421827316
157.045650482
157.401382923
156.955695152
157.421827316
156.563162804
156.99249506
157.389116287
157.421827316
156.972050667
157.417738438
156.546807289
157.47089386
156.530451775
156.133830547
156.939339638
157.004761696
156.939339638
156.579518318
156.473207474
157.438182831
157.401382923
157.401382923
157.368671894
156.54271841
157.025206089
156.477296352
156.922984123
156.972050667
156.906628609
156.955695152
157.385027409
157.385027409
157.389116287
156.90253973
156.988406181
157.421827316
156.955695152
156.579518318
157.35231638
157.008850574
157.385027409
157.405471802
158.125114441
156.922984123
156.886184216
156.922984123
156.99249506
156.563162804
156.922984123
156.460940838
156.477296352
156.99249506
157.35231638
157.421827316
157.368671894
156.988406181
156.922984123
156.99249506
156.99249506
157.348227501
156.988406181
156.54271841
156.99249506
157.368671894
157.401382923
156.510007381
156.976139545
157.025206089
156.976139545
156.959784031
157.417738438
157.401382923
157.008850574
156.493651867
156.939339638
157.454538345
157.401382923
157.025206089
157.335960865
157.421827316
156.493651867
156.972050667
157.454538345
157.35231638
156.955695152
156.939339638
156.976139545
156.922984123
156.939339638
157.417738438
156.546807289
157.401382923
156.563162804
157.401382923
157.417738438
156.90253973
156.99249506
156.972050667
157.401382923
157.062005997
157.401382923
156.869828701
157.008850574
157.401382923
157.385027409
156.976139545
156.90253973
157.025206089
157.417738438
157.389116287
156.988406181
157.438182831
156.976139545
156.955695152
156.988406181
157.385027409
157.35231638
156.955695152
157.401382923
157.421827316
156.943428516
156.922984123
156.959784031
157.303249836
157.401382923
157.385027409
157.35231638
157.385027409
157.417738438
157.368671894
157.315516472
157.35231638
156.493651867
156.477296352
156.976139545
157.368671894
157.335960865
156.510007381
156.939339638
156.939339638
156.972050667
157.421827316
157.31960535
156.939339638
157.331871986
156.428229809
156.939339638
156.906628609
157.35231638
157.385027409
156.955695152
156.922984123
157.401382923
157.47089386
157.368671894
157.35231638
156.988406181
156.886184216
157.401382923
156.477296352
156.939339638
156.976139545
156.939339638
157.368671894
156.988406181
156.976139545
156.493651867
157.385027409
156.922984123
157.385027409
156.428229809
156.955695152
156.939339638
156.972050667
157.368671894
156.477296352
156.939339638
157.401382923
156.460940838
156.510007381
