total_time 60
157.335960865
156.922984123
157.331871986
156.918895245
156.90253973
156.922984123
156.906628609
156.922984123
156.972050667
156.939339638
156.922984123
42.8596258163
32.8091621399
34.4365358353
156.99249506
156.890273094
156.906628609
156.955695152
156.922984123
156.955695152
156.922984123
156.440496445
157.315516472
156.906628609
156.922984123
157.315516472
157.315516472
156.837117672
157.282805443
157.282805443
156.922984123
157.282805443
156.90253973
42.0704722404
38.2473707199
41.8292284012
156.918895245
156.493651867
156.922984123
156.922984123
156.939339638
156.869828701
157.79800415
156.90253973
156.869828701
156.031608582
156.939339638
156.939339638
156.477296352
156.890273094
156.939339638
156.526362896
157.368671894
13.2029891014
9.41668748856
25.6372690201
157.368671894
157.368671894
156.99249506
156.510007381
156.99249506
156.939339638
157.004761696
157.348227501
156.939339638
156.493651867
156.922984123
157.405471802
157.385027409
157.335960865
157.335960865
156.972050667
156.922984123
156.976139545
156.976139545
157.35231638
157.368671894
156.918895245
156.477296352
157.335960865
157.282805443
157.315516472
156.959784031
156.939339638
156.922984123
156.939339638
157.299160957
157.421827316
156.526362896
165.256118774
157.299160957
156.959784031
157.385027409
157.057917118
156.972050667
156.906628609
157.35231638
156.922984123
156.456851959
157.401382923
156.959784031
157.421827316
157.385027409
157.385027409
157.417738438
157.385027409
157.401382923
157.417738438
156.510007381
156.99249506
156.955695152
157.421827316
156.99249506
155.94574213
157.35231638
38.3823037148
42.8269147873
41.6574954987
157.008850574
157.368671894
156.922984123
157.368671894
156.922984123
156.906628609
156.922984123
156.922984123
156.976139545
156.440496445
156.90253973
156.493651867
157.35231638
157.35231638
156.906628609
156.922984123
157.335960865
156.890273094
156.918895245
156.939339638
156.99249506
157.004761696
156.493651867
156.477296352
156.922984123
74.9818563461
31.1286330223
33.1526279449
27.3177981377
156.918895245
157.335960865
156.906628609
156.869828701
156.922984123
156.87391758
156.906628609
157.335960865
157.303249836
156.976139545
157.315516472
156.87391758
157.299160957
156.869828701
157.303249836
157.335960865
156.922984123
156.42414093
156.959784031
156.922984123
157.35231638
157.282805443
157.368671894
157.31960535
156.906628609
156.456851959
156.869828701
156.906628609
157.299160957
143.580973148
156.890273094
157.35231638
157.35231638
156.869828701
156.886184216
156.869828701
38.280081749
30.0614356995
42.6838040352
77.6232719421
156.886184216
156.428229809
156.391429901
157.31960535
156.87391758
156.890273094
156.853473186
156.918895245
156.886184216
156.869828701
156.387341022
156.939339638
156.890273094
156.906628609
156.922984123
156.955695152
157.385027409
156.473207474
157.331871986
156.456851959
156.976139545
156.853473186
156.853473186
31.3126325607
30.6093454361
26.0666012764
25.1425147057
25.3960251808
26.070690155
25.5186915398
24.6436715126
24.1121172905
24.0794062614
24.4882941246
23.9771842957
24.251139164
24.1816282272
23.7032294273
24.251139164
24.3329167366
23.6991405487
23.7522959709
23.2370972633
22.8609204292
20.5793261528
24.6968269348
17.2877788544
12.4833464622
11.6778373718
14.8344516754
12.7245903015
14.5441412926
19.9251055717
24.2674946785
30.8219671249
38.5540366173
42.1399831772
50.4690289497
83.8833451271
99.6745944023
158.210980892
157.303249836
158.566713333
157.728493214
90.1434183121
29.4153928757
74.5852351189
19.5162177086
20.4403042793
19.9291944504
29.1209936142
157.266449928
156.906628609
157.315516472
156.939339638
157.35231638
157.348227501
156.939339638
156.90253973
157.299160957
156.90253973
156.955695152
156.922984123
156.890273094
156.440496445
156.955695152
156.922984123
156.477296352
156.922984123
156.959784031
156.939339638
156.906628609
156.955695152
156.473207474
156.922984123
157.31960535
157.348227501
157.389116287
156.460940838
156.869828701
156.918895245
156.886184216
156.886184216
157.421827316
40.0955438614
38.3455038071
78.4451365471
157.335960865
156.906628609
156.939339638
156.493651867
156.886184216
156.922984123
157.35231638
156.955695152
156.959784031
156.890273094
156.493651867
156.886184216
157.385027409
156.440496445
156.955695152
157.303249836
157.405471802
157.282805443
156.939339638
156.493651867
156.869828701
201.27505064
156.890273094
156.906628609
156.939339638
156.939339638
157.35231638
156.939339638
156.922984123
156.976139545
156.939339638
156.922984123
156.510007381
156.869828701
157.008850574
156.943428516
156.869828701
156.837117672
156.939339638
156.890273094
157.368671894
157.389116287
35.4178667068
33.0626726151
32.8582286835
157.299160957
156.939339638
156.869828701
156.407785416
156.477296352
157.524049282
157.348227501
156.869828701
156.375074387
157.335960865
156.939339638
156.407785416
156.922984123
156.90253973
156.87391758
157.246005535
156.837117672
156.42414093
156.456851959
156.890273094
157.335960865
156.391429901
156.87391758
156.407785416
157.299160957
157.35231638
157.31960535
156.890273094
156.444585323
156.886184216
156.440496445
156.886184216
156.493651867
39.1878128052
40.0260329247
156.939339638
156.918895245
156.833028793
157.364583015
156.440496445
157.35231638
156.906628609
156.477296352
157.315516472
156.972050667
156.972050667
156.939339638
156.976139545
156.976139545
157.348227501
157.368671894
156.922984123
157.35231638
157.31960535
157.401382923
156.922984123
157.368671894
156.906628609
156.955695152
157.364583015
156.943428516
156.530451775
156.918895245
157.364583015
157.401382923
157.368671894
80.8125972748
41.8782949448
28.1273961067
26.070690155
156.922984123
156.918895245
157.282805443
156.890273094
156.886184216
156.939339638
156.890273094
157.299160957
156.869828701
157.266449928
156.922984123
156.869828701
156.890273094
156.837117672
157.35231638
157.331871986
156.90253973
157.282805443
156.444585323
155.978453159
157.315516472
157.867515087
157.299160957
157.35231638
157.35231638
156.816673279
156.816673279
156.853473186
38.4845256805
37.114751339
157.658982277
156.886184216
157.315516472
165.56687355
156.87391758
156.890273094
156.853473186
156.90253973
156.886184216
156.853473186
156.922984123
157.266449928
171.446681023
157.368671894
156.955695152
156.456851959
156.87391758
157.282805443
156.869828701
156.890273094
156.886184216
156.853473186
156.906628609
157.368671894
157.331871986
156.906628609
156.906628609
157.299160957
157.31960535
156.922984123
156.428229809
14.0452980995
11.2689495087
11.1830830574
156.886184216
157.315516472
156.869828701
156.837117672
157.250094414
157.315516472
157.385027409
156.869828701
156.546807289
157.31960535
157.282805443
157.078361511
156.440496445
156.869828701
156.87391758
157.335960865
157.266449928
156.869828701
156.922984123
156.886184216
156.444585323
156.407785416
156.440496445
156.833028793
156.407785416
156.939339638
157.573115826
157.368671894
157.35231638
157.385027409
156.886184216
157.385027409
156.890273094
157.160139084
157.368671894
157.31960535
156.939339638
156.939339638
157.385027409
156.922984123
156.440496445
156.976139545
156.886184216
157.35231638
156.99249506
156.922984123
156.906628609
156.526362896
156.922984123
44.2130446434
35.7572436333
90.3969287872
156.869828701
156.869828701
156.890273094
157.348227501
156.440496445
156.922984123
156.988406181
157.348227501
156.493651867
157.385027409
156.922984123
157.348227501
156.440496445
156.922984123
156.526362896
156.493651867
157.335960865
156.493651867
156.837117672
157.35231638
156.42414093
157.385027409
157.35231638
156.477296352
156.853473186
156.837117672
156.869828701
156.922984123
157.266449928
156.869828701
157.299160957
157.303249836
157.266449928
157.266449928
157.246005535
156.890273094
156.869828701
157.250094414
156.906628609
156.407785416
157.315516472
157.315516472
156.391429901
157.299160957
157.35231638
156.440496445
156.477296352
156.391429901
157.266449928
157.246005535
156.939339638
157.389116287
156.87391758
157.35231638
156.869828701
156.869828701
156.939339638
32.6374292374
28.5894393921
32.8786730766
156.906628609
157.438182831
157.282805443
156.853473186
157.229650021
157.250094414
157.213294506
156.853473186
156.886184216
157.282805443
156.869828701
156.440496445
156.837117672
156.857562065
156.853473186
