<<<<<<< HEAD
87.60831356048584
157.22556114196777
157.2582721710205
157.20511674880981
157.27462768554688
174.59102869033813
157.24191665649414
157.28689432144165
157.20511674880981
176.22658014297485
157.18467235565186
108.4656834602356
157.24600553512573
157.25418329238892
157.28280544281006
156.79622888565063
157.2582721710205
157.2092056274414
157.33187198638916
157.2582721710205
157.213294506073
156.8084955215454
156.78805112838745
157.2582721710205
157.2173833847046
157.6671600341797
157.24600553512573
157.22147226333618
157.24600553512573
157.23373889923096
162.9377245903015
157.2173833847046
157.2664499282837
157.27462768554688
157.31960535049438
157.28280544281006
156.83302879333496
157.24600553512573
157.23782777786255
157.18876123428345
157.213294506073
157.2623610496521
157.2173833847046
157.67533779144287
157.28689432144165
156.79214000701904
157.20511674880981
156.77578449249268
156.79214000701904
157.25009441375732
156.84938430786133
156.82893991470337
157.28689432144165
157.25009441375732
157.27053880691528
157.29098320007324
157.33596086502075
157.18876123428345
156.89436197280884
217.033588886261
156.8166732788086
156.83302879333496
157.28689432144165
157.25009441375732
156.8084955215454
157.25009441375732
145.41279077529907
157.24600553512573
157.27053880691528
156.77578449249268
157.2582721710205
156.85347318649292
157.22556114196777
157.29098320007324
156.82485103607178
157.28689432144165
157.3155164718628
157.25009441375732
156.45276308059692
157.33187198638916
156.80031776428223
156.83711767196655
157.2623610496521
162.85594701766968
156.812584400177
157.27871656417847
156.73489570617676
157.34004974365234
157.22965002059937
157.27053880691528
156.83302879333496
156.78396224975586
157.22965002059937
157.29916095733643
156.80031776428223
156.8698287010193
157.2623610496521
156.82893991470337
398.68202209472656
136.19645833969116
156.83711767196655
=======
47.76628017425537
157.87569284439087
157.4668049812317
158.46858024597168
158.37453603744507
158.02289247512817
157.77755975723267
158.32546949386597
158.26822519302368
158.2641363143921
158.77933502197266
162.46750354766846
158.31729173660278
157.87978172302246
158.3091139793396
158.2600474357605
158.30093622207642
158.29684734344482
157.40138292312622
158.24778079986572
158.29684734344482
158.28458070755005
158.73844623565674
157.90022611618042
157.4177384376526
158.30093622207642
157.87160396575928
158.30093622207642
158.37862491607666
158.69755744934082
158.34591388702393
157.82253742218018
158.69755744934082
158.28049182891846
159.0614676475525
158.27231407165527
158.23960304260254
157.38502740859985
158.7139129638672
157.7652931213379
158.705735206604
157.8634262084961
158.29684734344482
157.37684965133667
158.31729173660278
158.28049182891846
158.29275846481323
157.45044946670532
158.32955837249756
158.26822519302368
158.24369192123413
158.28866958618164
158.23960304260254
158.26822519302368
158.2600474357605
157.38093852996826
157.9165816307068
157.38502740859985
158.29275846481323
158.3091139793396
157.84298181533813
158.3132028579712
157.3564052581787
157.84298181533813
157.83071517944336
157.38911628723145
158.27231407165527
158.3540916442871
157.3604941368103
142.959463596344
158.33773612976074
157.8061819076538
158.64440202713013
157.4054718017578
157.78164863586426
157.83071517944336
157.814359664917
158.25186967849731
158.28866958618164
158.7629795074463
157.50360488891602
158.32546949386597
157.82253742218018
158.74662399291992
156.94751739501953
157.8552484512329
158.2559585571289
157.83071517944336
172.9677438735962
158.69346857070923
158.24778079986572
157.83480405807495
158.73844623565674
157.8552484512329
157.83480405807495
157.3686718940735
157.38502740859985
158.31729173660278
157.8634262084961
158.29684734344482
158.26822519302368
>>>>>>> 5d8830248d00a1daeb0a6146990bb41b58d69134
