13.832676410675049
88.85951042175293
87.20760345458984
157.96973705291748
87.62058019638062
88.08671236038208
157.9574704170227
88.90039920806885
88.35248947143555
157.97382593154907
88.81862163543701
88.11533451080322
157.94520378112793
88.48333358764648
157.9615592956543
157.99427032470703
157.10289478302002
157.5076937675476
157.99018144607544
157.52813816070557
157.94929265975952
157.4586272239685
157.49542713165283
87.60831356048584
157.54449367523193
157.53631591796875
157.94929265975952
158.02698135375977
158.41951370239258
88.0253791809082
157.54858255386353
159.8097324371338
157.9533815383911
157.48724937438965
88.46288919448853
87.59195804595947
157.98200368881226
157.98609256744385
157.45044946670532
158.09240341186523
120.15169858932495
157.9574704170227
157.99835920333862
86.30805015563965
88.46697807312012
157.99835920333862
156.93116188049316
88.04173469543457
158.0596923828125
87.6287579536438
86.07907295227051
88.06626796722412
86.76191568374634
88.46697807312012
87.16262578964233
157.99018144607544
88.05809020996094
88.0253791809082
157.53631591796875
87.60422468185425
157.08245038986206
157.94929265975952
88.06217908859253
157.33596086502075
86.76191568374634
158.014714717865
88.87995481491089
158.04333686828613
88.51195573806763
158.03924798965454
88.04173469543457
88.8758659362793
157.97382593154907
157.94520378112793
157.99835920333862
157.99018144607544
157.98200368881226
157.53222703933716
185.09535789489746
157.99835920333862
86.7823600769043
157.5076937675476
157.49951601028442
157.1151614189148
157.9574704170227
157.97791481018066
156.97205066680908
157.59764909744263
88.47106695175171
158.01880359649658
157.98200368881226
157.50360488891602
157.99835920333862
158.0106258392334
88.46697807312012
157.51996040344238
158.0556035041809
88.48742246627808
157.56902694702148
157.50360488891602
157.94520378112793
