total_time 60
157.282805443
157.11107254
157.35231638
157.331871986
157.335960865
156.477296352
157.282805443
156.939339638
156.922984123
157.385027409
156.906628609
157.405471802
156.922984123
157.368671894
157.315516472
157.368671894
157.385027409
157.389116287
157.35231638
156.906628609
156.869828701
157.35231638
156.972050667
156.890273094
157.331871986
156.493651867
157.401382923
156.890273094
156.890273094
157.368671894
157.31960535
156.886184216
157.348227501
156.906628609
156.922984123
156.939339638
156.906628609
157.331871986
156.90253973
156.955695152
157.35231638
156.90253973
156.460940838
157.331871986
157.31960535
156.51409626
156.955695152
156.473207474
157.335960865
157.331871986
157.282805443
156.477296352
157.35231638
156.890273094
156.407785416
156.890273094
156.955695152
156.922984123
156.493651867
157.315516472
157.299160957
156.886184216
157.348227501
157.299160957
156.906628609
157.335960865
156.939339638
156.886184216
156.890273094
157.331871986
157.299160957
157.385027409
156.922984123
157.299160957
156.510007381
157.401382923
156.906628609
157.368671894
156.886184216
157.35231638
157.303249836
157.31960535
156.87391758
156.922984123
156.922984123
157.35231638
157.335960865
156.906628609
156.922984123
156.87391758
157.35231638
156.886184216
157.31960535
156.939339638
157.315516472
156.922984123
156.440496445
157.368671894
157.348227501
156.90253973
156.922984123
157.335960865
156.939339638
156.477296352
157.401382923
156.972050667
156.493651867
156.939339638
157.385027409
156.922984123
157.389116287
157.335960865
157.35231638
156.906628609
157.421827316
156.972050667
157.35231638
156.906628609
157.438182831
156.906628609
156.939339638
157.385027409
156.972050667
156.90253973
157.368671894
156.939339638
157.401382923
156.972050667
157.401382923
156.922984123
156.510007381
156.976139545
156.955695152
157.35231638
156.972050667
157.348227501
157.385027409
156.959784031
157.368671894
156.959784031
157.421827316
156.959784031
157.368671894
156.922984123
157.35231638
156.922984123
156.955695152
157.368671894
156.922984123
156.99249506
157.008850574
156.922984123
157.438182831
157.385027409
156.955695152
157.405471802
157.438182831
157.385027409
157.35231638
157.405471802
156.959784031
156.922984123
157.368671894
157.405471802
157.348227501
156.955695152
157.401382923
157.421827316
156.906628609
157.385027409
156.939339638
157.385027409
156.972050667
156.939339638
156.988406181
156.906628609
100.193881989
157.385027409
157.401382923
157.417738438
156.972050667
156.493651867
157.401382923
157.401382923
156.939339638
156.955695152
157.368671894
157.368671894
156.493651867
157.417738438
156.943428516
156.922984123
157.401382923
157.008850574
157.47089386
156.972050667
157.364583015
157.364583015
156.939339638
157.368671894
157.385027409
157.299160957
156.906628609
156.99249506
157.35231638
156.117475033
157.421827316
157.405471802
156.955695152
157.389116287
156.955695152
157.35231638
156.906628609
157.417738438
156.99249506
157.421827316
157.385027409
156.99249506
157.401382923
156.886184216
156.955695152
157.35231638
156.99249506
157.385027409
156.955695152
156.890273094
157.401382923
156.906628609
157.385027409
157.368671894
157.385027409
157.348227501
156.526362896
156.955695152
156.477296352
156.922984123
157.331871986
156.976139545
157.35231638
156.493651867
156.976139545
156.976139545
157.385027409
157.368671894
157.434093952
157.368671894
157.368671894
157.368671894
157.35231638
156.99249506
156.906628609
157.421827316
157.417738438
156.99249506
156.939339638
157.368671894
157.385027409
157.35231638
157.315516472
156.922984123
156.460940838
156.955695152
157.417738438
157.368671894
157.401382923
156.918895245
157.335960865
157.421827316
156.890273094
157.417738438
157.421827316
157.368671894
156.972050667
157.385027409
157.401382923
156.493651867
156.869828701
157.331871986
156.890273094
156.976139545
157.389116287
156.988406181
156.939339638
157.385027409
156.886184216
157.421827316
157.348227501
157.368671894
156.988406181
157.35231638
156.918895245
156.530451775
157.041561604
156.922984123
157.368671894
156.510007381
156.959784031
156.99249506
156.939339638
156.906628609
156.976139545
157.368671894
156.939339638
156.886184216
156.922984123
156.939339638
156.939339638
156.976139545
156.90253973
156.976139545
157.368671894
157.385027409
157.368671894
156.955695152
156.939339638
157.368671894
157.401382923
156.939339638
156.955695152
157.385027409
156.955695152
156.886184216
156.939339638
157.417738438
157.368671894
156.922984123
157.331871986
156.922984123
157.421827316
157.315516472
157.35231638
156.890273094
157.405471802
157.434093952
157.421827316
156.976139545
156.734895706
156.906628609
156.886184216
157.421827316
157.331871986
157.368671894
157.368671894
157.368671894
157.421827316
157.35231638
156.922984123
156.906628609
157.417738438
156.988406181
156.959784031
156.939339638
157.421827316
156.579518318
156.939339638
156.493651867
157.438182831
156.906628609
157.385027409
157.35231638
156.922984123
157.368671894
156.955695152
156.530451775
157.35231638
156.890273094
157.025206089
156.955695152
156.955695152
157.401382923
157.35231638
156.99249506
157.401382923
156.972050667
157.368671894
156.976139545
156.99249506
157.368671894
157.438182831
156.939339638
156.922984123
156.939339638
156.939339638
157.385027409
157.025206089
156.99249506
157.368671894
157.417738438
156.918895245
157.434093952
157.401382923
156.906628609
156.922984123
157.35231638
156.939339638
156.955695152
157.401382923
157.401382923
156.90253973
157.385027409
157.31960535
156.922984123
157.35231638
157.421827316
157.385027409
157.438182831
156.99249506
157.35231638
156.922984123
156.99249506
157.385027409
157.385027409
156.922984123
157.335960865
156.906628609
156.460940838
157.315516472
157.368671894
157.385027409
157.348227501
157.35231638
157.35231638
157.35231638
156.869828701
156.922984123
156.939339638
156.890273094
156.837117672
156.869828701
157.348227501
157.916581631
157.335960865
156.90253973
157.368671894
156.886184216
157.266449928
156.886184216
156.440496445
157.315516472
157.385027409
156.890273094
157.299160957
157.35231638
156.906628609
156.906628609
157.335960865
156.869828701
156.473207474
157.35231638
157.331871986
156.922984123
156.955695152
157.385027409
156.906628609
157.35231638
157.299160957
157.335960865
156.972050667
157.368671894
157.315516472
157.385027409
156.820762157
157.303249836
157.401382923
157.35231638
156.477296352
157.315516472
157.299160957
157.368671894
156.955695152
156.943428516
157.315516472
156.869828701
157.368671894
157.331871986
157.35231638
156.906628609
157.348227501
156.972050667
156.837117672
156.890273094
156.456851959
157.385027409
156.869828701
156.922984123
157.266449928
156.869828701
157.315516472
157.299160957
157.421827316
156.939339638
157.385027409
156.869828701
157.35231638
156.477296352
156.460940838
157.008850574
156.493651867
157.421827316
156.955695152
157.35231638
156.460940838
157.331871986
157.368671894
156.886184216
156.440496445
156.460940838
157.405471802
157.299160957
157.385027409
157.385027409
157.335960865
156.939339638
157.299160957
157.31960535
156.477296352
156.976139545
157.368671894
157.405471802
156.906628609
157.335960865
157.401382923
156.510007381
157.368671894
157.35231638
156.955695152
156.922984123
157.389116287
156.90253973
157.438182831
157.364583015
157.331871986
156.955695152
157.368671894
156.906628609
157.176494598
157.368671894
156.972050667
157.450449467
157.368671894
157.405471802
157.35231638
157.35231638
157.401382923
157.348227501
157.556760311
156.943428516
157.35231638
156.90253973
157.35231638
157.364583015
157.405471802
157.35231638
157.401382923
157.421827316
157.401382923
156.922984123
157.385027409
157.368671894
157.417738438
156.922984123
156.972050667
156.922984123
157.35231638
156.922984123
156.976139545
157.368671894
156.444585323
157.438182831
157.385027409
157.405471802
157.364583015
157.405471802
157.368671894
156.99249506
156.853473186
157.348227501
157.368671894
157.11107254
157.368671894
157.35231638
156.922984123
157.331871986
157.454538345
157.368671894
157.246005535
156.890273094
156.976139545
156.869828701
157.35231638
156.939339638
157.368671894
156.99249506
156.922984123
157.401382923
157.385027409
157.368671894
156.959784031
156.473207474
156.922984123
